2023/07/27-14:50:09.502798 7fd738484700 RocksDB version: 6.8.1
2023/07/27-14:50:09.503048 7fd738484700 Git sha rocksdb_build_git_sha:
2023/07/27-14:50:09.503050 7fd738484700 Compile date Apr 26 2020
2023/07/27-14:50:09.503078 7fd738484700 DB SUMMARY
2023/07/27-14:50:09.503201 7fd738484700 CURRENT file:  CURRENT
2023/07/27-14:50:09.503203 7fd738484700 IDENTITY file:  IDENTITY
2023/07/27-14:50:09.503210 7fd738484700 MANIFEST file:  MANIFEST-000046 size: 815 Bytes
2023/07/27-14:50:09.503212 7fd738484700 SST files in /opt/besu/data/database dir, Total Num: 3, files: 000028.sst 000029.sst 000045.sst 
2023/07/27-14:50:09.503213 7fd738484700 Write Ahead Log file in /opt/besu/data/database: 000003.log size: 124006 ; 000031.log size: 8400 ; 000047.log size: 9038378 ; 
2023/07/27-14:50:09.503222 7fd738484700                         Options.error_if_exists: 0
2023/07/27-14:50:09.503225 7fd738484700                       Options.create_if_missing: 1
2023/07/27-14:50:09.503225 7fd738484700                         Options.paranoid_checks: 1
2023/07/27-14:50:09.503226 7fd738484700                                     Options.env: 0x7fd689aff280
2023/07/27-14:50:09.503228 7fd738484700                                      Options.fs: Posix File System
2023/07/27-14:50:09.503229 7fd738484700                                Options.info_log: 0x7fd73575b1a0
2023/07/27-14:50:09.503229 7fd738484700                Options.max_file_opening_threads: 16
2023/07/27-14:50:09.503229 7fd738484700                              Options.statistics: 0x7fd7355d8e30
2023/07/27-14:50:09.503230 7fd738484700                               Options.use_fsync: 0
2023/07/27-14:50:09.503230 7fd738484700                       Options.max_log_file_size: 0
2023/07/27-14:50:09.503231 7fd738484700                  Options.max_manifest_file_size: 1073741824
2023/07/27-14:50:09.503231 7fd738484700                   Options.log_file_time_to_roll: 0
2023/07/27-14:50:09.503231 7fd738484700                       Options.keep_log_file_num: 1000
2023/07/27-14:50:09.503232 7fd738484700                    Options.recycle_log_file_num: 0
2023/07/27-14:50:09.503233 7fd738484700                         Options.allow_fallocate: 1
2023/07/27-14:50:09.503233 7fd738484700                        Options.allow_mmap_reads: 0
2023/07/27-14:50:09.503234 7fd738484700                       Options.allow_mmap_writes: 0
2023/07/27-14:50:09.503234 7fd738484700                        Options.use_direct_reads: 0
2023/07/27-14:50:09.503234 7fd738484700                        Options.use_direct_io_for_flush_and_compaction: 0
2023/07/27-14:50:09.503235 7fd738484700          Options.create_missing_column_families: 1
2023/07/27-14:50:09.503235 7fd738484700                              Options.db_log_dir: 
2023/07/27-14:50:09.503235 7fd738484700                                 Options.wal_dir: /opt/besu/data/database
2023/07/27-14:50:09.503236 7fd738484700                Options.table_cache_numshardbits: 6
2023/07/27-14:50:09.503236 7fd738484700                      Options.max_subcompactions: 1
2023/07/27-14:50:09.503236 7fd738484700                  Options.max_background_flushes: -1
2023/07/27-14:50:09.503237 7fd738484700                         Options.WAL_ttl_seconds: 0
2023/07/27-14:50:09.503237 7fd738484700                       Options.WAL_size_limit_MB: 0
2023/07/27-14:50:09.503238 7fd738484700                        Options.max_write_batch_group_size_bytes: 1048576
2023/07/27-14:50:09.503238 7fd738484700             Options.manifest_preallocation_size: 4194304
2023/07/27-14:50:09.503238 7fd738484700                     Options.is_fd_close_on_exec: 1
2023/07/27-14:50:09.503239 7fd738484700                   Options.advise_random_on_open: 1
2023/07/27-14:50:09.503240 7fd738484700                    Options.db_write_buffer_size: 0
2023/07/27-14:50:09.503240 7fd738484700                    Options.write_buffer_manager: 0x7fd73575b0d0
2023/07/27-14:50:09.503240 7fd738484700         Options.access_hint_on_compaction_start: 1
2023/07/27-14:50:09.503241 7fd738484700  Options.new_table_reader_for_compaction_inputs: 0
2023/07/27-14:50:09.503241 7fd738484700           Options.random_access_max_buffer_size: 1048576
2023/07/27-14:50:09.503251 7fd738484700                      Options.use_adaptive_mutex: 0
2023/07/27-14:50:09.503251 7fd738484700                            Options.rate_limiter: (nil)
2023/07/27-14:50:09.503261 7fd738484700     Options.sst_file_manager.rate_bytes_per_sec: 0
2023/07/27-14:50:09.503262 7fd738484700                       Options.wal_recovery_mode: 2
2023/07/27-14:50:09.503262 7fd738484700                  Options.enable_thread_tracking: 0
2023/07/27-14:50:09.503263 7fd738484700                  Options.enable_pipelined_write: 0
2023/07/27-14:50:09.503263 7fd738484700                  Options.unordered_write: 0
2023/07/27-14:50:09.503263 7fd738484700         Options.allow_concurrent_memtable_write: 1
2023/07/27-14:50:09.503264 7fd738484700      Options.enable_write_thread_adaptive_yield: 1
2023/07/27-14:50:09.503264 7fd738484700             Options.write_thread_max_yield_usec: 100
2023/07/27-14:50:09.503264 7fd738484700            Options.write_thread_slow_yield_usec: 3
2023/07/27-14:50:09.503265 7fd738484700                               Options.row_cache: None
2023/07/27-14:50:09.503265 7fd738484700                              Options.wal_filter: None
2023/07/27-14:50:09.503266 7fd738484700             Options.avoid_flush_during_recovery: 0
2023/07/27-14:50:09.503266 7fd738484700             Options.allow_ingest_behind: 0
2023/07/27-14:50:09.503267 7fd738484700             Options.preserve_deletes: 0
2023/07/27-14:50:09.503267 7fd738484700             Options.two_write_queues: 0
2023/07/27-14:50:09.503267 7fd738484700             Options.manual_wal_flush: 0
2023/07/27-14:50:09.503268 7fd738484700             Options.atomic_flush: 0
2023/07/27-14:50:09.503268 7fd738484700             Options.avoid_unnecessary_blocking_io: 0
2023/07/27-14:50:09.503268 7fd738484700                 Options.persist_stats_to_disk: 0
2023/07/27-14:50:09.503269 7fd738484700                 Options.write_dbid_to_manifest: 0
2023/07/27-14:50:09.503269 7fd738484700                 Options.log_readahead_size: 0
2023/07/27-14:50:09.503272 7fd738484700                 Options.sst_file_checksum_func: Unknown
2023/07/27-14:50:09.503285 7fd738484700             Options.max_background_jobs: 2
2023/07/27-14:50:09.503286 7fd738484700             Options.max_background_compactions: 4
2023/07/27-14:50:09.503286 7fd738484700             Options.avoid_flush_during_shutdown: 0
2023/07/27-14:50:09.503286 7fd738484700           Options.writable_file_max_buffer_size: 1048576
2023/07/27-14:50:09.503287 7fd738484700             Options.delayed_write_rate : 16777216
2023/07/27-14:50:09.503287 7fd738484700             Options.max_total_wal_size: 0
2023/07/27-14:50:09.503288 7fd738484700             Options.delete_obsolete_files_period_micros: 21600000000
2023/07/27-14:50:09.503288 7fd738484700                   Options.stats_dump_period_sec: 600
2023/07/27-14:50:09.503288 7fd738484700                 Options.stats_persist_period_sec: 600
2023/07/27-14:50:09.503289 7fd738484700                 Options.stats_history_buffer_size: 1048576
2023/07/27-14:50:09.503289 7fd738484700                          Options.max_open_files: 1024
2023/07/27-14:50:09.503289 7fd738484700                          Options.bytes_per_sync: 0
2023/07/27-14:50:09.503290 7fd738484700                      Options.wal_bytes_per_sync: 0
2023/07/27-14:50:09.503290 7fd738484700                   Options.strict_bytes_per_sync: 0
2023/07/27-14:50:09.503290 7fd738484700       Options.compaction_readahead_size: 0
2023/07/27-14:50:09.503291 7fd738484700 Compression algorithms supported:
2023/07/27-14:50:09.503297 7fd738484700 	kZSTDNotFinalCompression supported: 1
2023/07/27-14:50:09.503320 7fd738484700 	kZSTD supported: 1
2023/07/27-14:50:09.503322 7fd738484700 	kXpressCompression supported: 0
2023/07/27-14:50:09.503323 7fd738484700 	kLZ4HCCompression supported: 1
2023/07/27-14:50:09.503326 7fd738484700 	kLZ4Compression supported: 1
2023/07/27-14:50:09.503328 7fd738484700 	kBZip2Compression supported: 1
2023/07/27-14:50:09.503330 7fd738484700 	kZlibCompression supported: 1
2023/07/27-14:50:09.503335 7fd738484700 	kSnappyCompression supported: 1
2023/07/27-14:50:09.503350 7fd738484700 Fast CRC32 supported: Not supported on x86
2023/07/27-14:50:09.504317 7fd738484700 [rsion_set.cc:4413] Recovering from manifest file: /opt/besu/data/database/MANIFEST-000046
2023/07/27-14:50:09.504668 7fd738484700 [lumn_family.cc:552] --------------- Options for column family [default]:
2023/07/27-14:50:09.504679 7fd738484700               Options.comparator: leveldb.BytewiseComparator
2023/07/27-14:50:09.504680 7fd738484700           Options.merge_operator: None
2023/07/27-14:50:09.504681 7fd738484700        Options.compaction_filter: None
2023/07/27-14:50:09.504681 7fd738484700        Options.compaction_filter_factory: None
2023/07/27-14:50:09.504682 7fd738484700         Options.memtable_factory: SkipListFactory
2023/07/27-14:50:09.504682 7fd738484700            Options.table_factory: BlockBasedTable
2023/07/27-14:50:09.504777 7fd738484700            table_factory options:   flush_block_policy_factory: FlushBlockBySizePolicyFactory (0x7fd7355db2d0)
  cache_index_and_filter_blocks: 0
  cache_index_and_filter_blocks_with_high_priority: 0
  pin_l0_filter_and_index_blocks_in_cache: 0
  pin_top_level_index_and_filter: 1
  index_type: 0
  data_block_index_type: 0
  index_shortening: 1
  data_block_hash_table_util_ratio: 0.750000
  hash_index_allow_collision: 1
  checksum: 1
  no_block_cache: 0
  block_cache: 0x7fd7355d9480
  block_cache_name: LRUCache
  block_cache_options:
    capacity : 8388608
    num_shard_bits : 4
    strict_capacity_limit : 0
    memory_allocator : None
    high_pri_pool_ratio: 0.000
  block_cache_compressed: (nil)
  persistent_cache: (nil)
  block_size: 4096
  block_size_deviation: 10
  block_restart_interval: 16
  index_block_restart_interval: 1
  metadata_block_size: 4096
  partition_filters: 0
  use_delta_encoding: 1
  filter_policy: nullptr
  whole_key_filtering: 1
  verify_compression: 1
  read_amp_bytes_per_bit: 0
  format_version: 2
  enable_index_compression: 1
  block_align: 0
2023/07/27-14:50:09.504780 7fd738484700        Options.write_buffer_size: 67108864
2023/07/27-14:50:09.504780 7fd738484700  Options.max_write_buffer_number: 2
2023/07/27-14:50:09.504784 7fd738484700          Options.compression: Snappy
2023/07/27-14:50:09.504784 7fd738484700                  Options.bottommost_compression: Disabled
2023/07/27-14:50:09.504785 7fd738484700       Options.prefix_extractor: nullptr
2023/07/27-14:50:09.504786 7fd738484700   Options.memtable_insert_with_hint_prefix_extractor: nullptr
2023/07/27-14:50:09.504786 7fd738484700             Options.num_levels: 7
2023/07/27-14:50:09.504787 7fd738484700        Options.min_write_buffer_number_to_merge: 1
2023/07/27-14:50:09.504787 7fd738484700     Options.max_write_buffer_number_to_maintain: 0
2023/07/27-14:50:09.504788 7fd738484700     Options.max_write_buffer_size_to_maintain: 134217728
2023/07/27-14:50:09.504788 7fd738484700            Options.bottommost_compression_opts.window_bits: -14
2023/07/27-14:50:09.504789 7fd738484700                  Options.bottommost_compression_opts.level: 32767
2023/07/27-14:50:09.504789 7fd738484700               Options.bottommost_compression_opts.strategy: 0
2023/07/27-14:50:09.504790 7fd738484700         Options.bottommost_compression_opts.max_dict_bytes: 0
2023/07/27-14:50:09.504790 7fd738484700         Options.bottommost_compression_opts.zstd_max_train_bytes: 0
2023/07/27-14:50:09.504791 7fd738484700                  Options.bottommost_compression_opts.enabled: false
2023/07/27-14:50:09.504792 7fd738484700            Options.compression_opts.window_bits: -14
2023/07/27-14:50:09.504793 7fd738484700                  Options.compression_opts.level: 32767
2023/07/27-14:50:09.504793 7fd738484700               Options.compression_opts.strategy: 0
2023/07/27-14:50:09.504794 7fd738484700         Options.compression_opts.max_dict_bytes: 0
2023/07/27-14:50:09.504794 7fd738484700         Options.compression_opts.zstd_max_train_bytes: 0
2023/07/27-14:50:09.504795 7fd738484700                  Options.compression_opts.enabled: false
2023/07/27-14:50:09.504833 7fd738484700      Options.level0_file_num_compaction_trigger: 4
2023/07/27-14:50:09.504834 7fd738484700          Options.level0_slowdown_writes_trigger: 20
2023/07/27-14:50:09.504834 7fd738484700              Options.level0_stop_writes_trigger: 36
2023/07/27-14:50:09.504835 7fd738484700                   Options.target_file_size_base: 67108864
2023/07/27-14:50:09.504836 7fd738484700             Options.target_file_size_multiplier: 1
2023/07/27-14:50:09.504836 7fd738484700                Options.max_bytes_for_level_base: 268435456
2023/07/27-14:50:09.504837 7fd738484700 Options.level_compaction_dynamic_level_bytes: 0
2023/07/27-14:50:09.504837 7fd738484700          Options.max_bytes_for_level_multiplier: 10.000000
2023/07/27-14:50:09.504872 7fd738484700 Options.max_bytes_for_level_multiplier_addtl[0]: 1
2023/07/27-14:50:09.504873 7fd738484700 Options.max_bytes_for_level_multiplier_addtl[1]: 1
2023/07/27-14:50:09.504873 7fd738484700 Options.max_bytes_for_level_multiplier_addtl[2]: 1
2023/07/27-14:50:09.504874 7fd738484700 Options.max_bytes_for_level_multiplier_addtl[3]: 1
2023/07/27-14:50:09.504874 7fd738484700 Options.max_bytes_for_level_multiplier_addtl[4]: 1
2023/07/27-14:50:09.504875 7fd738484700 Options.max_bytes_for_level_multiplier_addtl[5]: 1
2023/07/27-14:50:09.504876 7fd738484700 Options.max_bytes_for_level_multiplier_addtl[6]: 1
2023/07/27-14:50:09.504876 7fd738484700       Options.max_sequential_skip_in_iterations: 8
2023/07/27-14:50:09.504877 7fd738484700                    Options.max_compaction_bytes: 1677721600
2023/07/27-14:50:09.504877 7fd738484700                        Options.arena_block_size: 8388608
2023/07/27-14:50:09.504878 7fd738484700   Options.soft_pending_compaction_bytes_limit: 68719476736
2023/07/27-14:50:09.504878 7fd738484700   Options.hard_pending_compaction_bytes_limit: 274877906944
2023/07/27-14:50:09.504879 7fd738484700       Options.rate_limit_delay_max_milliseconds: 100
2023/07/27-14:50:09.504879 7fd738484700                Options.disable_auto_compactions: 1
2023/07/27-14:50:09.504885 7fd738484700                        Options.compaction_style: kCompactionStyleLevel
2023/07/27-14:50:09.504890 7fd738484700                          Options.compaction_pri: kMinOverlappingRatio
2023/07/27-14:50:09.504890 7fd738484700 Options.compaction_options_universal.size_ratio: 1
2023/07/27-14:50:09.504891 7fd738484700 Options.compaction_options_universal.min_merge_width: 2
2023/07/27-14:50:09.504891 7fd738484700 Options.compaction_options_universal.max_merge_width: 4294967295
2023/07/27-14:50:09.504892 7fd738484700 Options.compaction_options_universal.max_size_amplification_percent: 200
2023/07/27-14:50:09.504892 7fd738484700 Options.compaction_options_universal.compression_size_percent: -1
2023/07/27-14:50:09.504895 7fd738484700 Options.compaction_options_universal.stop_style: kCompactionStopStyleTotalSize
2023/07/27-14:50:09.504896 7fd738484700 Options.compaction_options_fifo.max_table_files_size: 1073741824
2023/07/27-14:50:09.504896 7fd738484700 Options.compaction_options_fifo.allow_compaction: 0
2023/07/27-14:50:09.504897 7fd738484700                   Options.table_properties_collectors: 
2023/07/27-14:50:09.504897 7fd738484700                   Options.inplace_update_support: 0
2023/07/27-14:50:09.504898 7fd738484700                 Options.inplace_update_num_locks: 10000
2023/07/27-14:50:09.504899 7fd738484700               Options.memtable_prefix_bloom_size_ratio: 0.000000
2023/07/27-14:50:09.504899 7fd738484700               Options.memtable_whole_key_filtering: 0
2023/07/27-14:50:09.504900 7fd738484700   Options.memtable_huge_page_size: 0
2023/07/27-14:50:09.504900 7fd738484700                           Options.bloom_locality: 0
2023/07/27-14:50:09.504901 7fd738484700                    Options.max_successive_merges: 0
2023/07/27-14:50:09.504901 7fd738484700                Options.optimize_filters_for_hits: 0
2023/07/27-14:50:09.504902 7fd738484700                Options.paranoid_file_checks: 0
2023/07/27-14:50:09.504902 7fd738484700                Options.force_consistency_checks: 0
2023/07/27-14:50:09.504920 7fd738484700                Options.report_bg_io_stats: 0
2023/07/27-14:50:09.504921 7fd738484700                               Options.ttl: 2592000
2023/07/27-14:50:09.504921 7fd738484700          Options.periodic_compaction_seconds: 0
2023/07/27-14:50:09.505638 7fd738484700 [lumn_family.cc:552] --------------- Options for column family []:
2023/07/27-14:50:09.505641 7fd738484700               Options.comparator: leveldb.BytewiseComparator
2023/07/27-14:50:09.505642 7fd738484700           Options.merge_operator: None
2023/07/27-14:50:09.505643 7fd738484700        Options.compaction_filter: None
2023/07/27-14:50:09.505643 7fd738484700        Options.compaction_filter_factory: None
2023/07/27-14:50:09.505644 7fd738484700         Options.memtable_factory: SkipListFactory
2023/07/27-14:50:09.505644 7fd738484700            Options.table_factory: BlockBasedTable
2023/07/27-14:50:09.505694 7fd738484700            table_factory options:   flush_block_policy_factory: FlushBlockBySizePolicyFactory (0x7fd7355d4ad0)
  cache_index_and_filter_blocks: 0
  cache_index_and_filter_blocks_with_high_priority: 1
  pin_l0_filter_and_index_blocks_in_cache: 0
  pin_top_level_index_and_filter: 1
  index_type: 0
  data_block_index_type: 0
  index_shortening: 1
  data_block_hash_table_util_ratio: 0.750000
  hash_index_allow_collision: 1
  checksum: 1
  no_block_cache: 0
  block_cache: 0x7fd7355d4d10
  block_cache_name: LRUCache
  block_cache_options:
    capacity : 8388608
    num_shard_bits : 4
    strict_capacity_limit : 0
    memory_allocator : None
    high_pri_pool_ratio: 0.000
  block_cache_compressed: (nil)
  persistent_cache: (nil)
  block_size: 4096
  block_size_deviation: 10
  block_restart_interval: 16
  index_block_restart_interval: 1
  metadata_block_size: 4096
  partition_filters: 0
  use_delta_encoding: 1
  filter_policy: nullptr
  whole_key_filtering: 1
  verify_compression: 0
  read_amp_bytes_per_bit: 0
  format_version: 2
  enable_index_compression: 1
  block_align: 0
2023/07/27-14:50:09.505695 7fd738484700        Options.write_buffer_size: 67108864
2023/07/27-14:50:09.505696 7fd738484700  Options.max_write_buffer_number: 2
2023/07/27-14:50:09.505697 7fd738484700          Options.compression: Snappy
2023/07/27-14:50:09.505697 7fd738484700                  Options.bottommost_compression: Disabled
2023/07/27-14:50:09.505698 7fd738484700       Options.prefix_extractor: nullptr
2023/07/27-14:50:09.505698 7fd738484700   Options.memtable_insert_with_hint_prefix_extractor: nullptr
2023/07/27-14:50:09.505699 7fd738484700             Options.num_levels: 7
2023/07/27-14:50:09.505699 7fd738484700        Options.min_write_buffer_number_to_merge: 1
2023/07/27-14:50:09.505700 7fd738484700     Options.max_write_buffer_number_to_maintain: 0
2023/07/27-14:50:09.505701 7fd738484700     Options.max_write_buffer_size_to_maintain: 134217728
2023/07/27-14:50:09.505701 7fd738484700            Options.bottommost_compression_opts.window_bits: -14
2023/07/27-14:50:09.505702 7fd738484700                  Options.bottommost_compression_opts.level: 32767
2023/07/27-14:50:09.505702 7fd738484700               Options.bottommost_compression_opts.strategy: 0
2023/07/27-14:50:09.505703 7fd738484700         Options.bottommost_compression_opts.max_dict_bytes: 0
2023/07/27-14:50:09.505703 7fd738484700         Options.bottommost_compression_opts.zstd_max_train_bytes: 0
2023/07/27-14:50:09.505704 7fd738484700                  Options.bottommost_compression_opts.enabled: false
2023/07/27-14:50:09.505704 7fd738484700            Options.compression_opts.window_bits: -14
2023/07/27-14:50:09.505705 7fd738484700                  Options.compression_opts.level: 32767
2023/07/27-14:50:09.505705 7fd738484700               Options.compression_opts.strategy: 0
2023/07/27-14:50:09.505706 7fd738484700         Options.compression_opts.max_dict_bytes: 0
2023/07/27-14:50:09.505706 7fd738484700         Options.compression_opts.zstd_max_train_bytes: 0
2023/07/27-14:50:09.505707 7fd738484700                  Options.compression_opts.enabled: false
2023/07/27-14:50:09.505725 7fd738484700      Options.level0_file_num_compaction_trigger: 4
2023/07/27-14:50:09.505726 7fd738484700          Options.level0_slowdown_writes_trigger: 20
2023/07/27-14:50:09.505727 7fd738484700              Options.level0_stop_writes_trigger: 36
2023/07/27-14:50:09.505727 7fd738484700                   Options.target_file_size_base: 67108864
2023/07/27-14:50:09.505728 7fd738484700             Options.target_file_size_multiplier: 1
2023/07/27-14:50:09.505728 7fd738484700                Options.max_bytes_for_level_base: 268435456
2023/07/27-14:50:09.505729 7fd738484700 Options.level_compaction_dynamic_level_bytes: 0
2023/07/27-14:50:09.505729 7fd738484700          Options.max_bytes_for_level_multiplier: 10.000000
2023/07/27-14:50:09.505730 7fd738484700 Options.max_bytes_for_level_multiplier_addtl[0]: 1
2023/07/27-14:50:09.505731 7fd738484700 Options.max_bytes_for_level_multiplier_addtl[1]: 1
2023/07/27-14:50:09.505732 7fd738484700 Options.max_bytes_for_level_multiplier_addtl[2]: 1
2023/07/27-14:50:09.505732 7fd738484700 Options.max_bytes_for_level_multiplier_addtl[3]: 1
2023/07/27-14:50:09.505733 7fd738484700 Options.max_bytes_for_level_multiplier_addtl[4]: 1
2023/07/27-14:50:09.505733 7fd738484700 Options.max_bytes_for_level_multiplier_addtl[5]: 1
2023/07/27-14:50:09.505734 7fd738484700 Options.max_bytes_for_level_multiplier_addtl[6]: 1
2023/07/27-14:50:09.505734 7fd738484700       Options.max_sequential_skip_in_iterations: 8
2023/07/27-14:50:09.505735 7fd738484700                    Options.max_compaction_bytes: 1677721600
2023/07/27-14:50:09.505735 7fd738484700                        Options.arena_block_size: 8388608
2023/07/27-14:50:09.505736 7fd738484700   Options.soft_pending_compaction_bytes_limit: 68719476736
2023/07/27-14:50:09.505736 7fd738484700   Options.hard_pending_compaction_bytes_limit: 274877906944
2023/07/27-14:50:09.505737 7fd738484700       Options.rate_limit_delay_max_milliseconds: 100
2023/07/27-14:50:09.505738 7fd738484700                Options.disable_auto_compactions: 1
2023/07/27-14:50:09.505738 7fd738484700                        Options.compaction_style: kCompactionStyleLevel
2023/07/27-14:50:09.505739 7fd738484700                          Options.compaction_pri: kMinOverlappingRatio
2023/07/27-14:50:09.505739 7fd738484700 Options.compaction_options_universal.size_ratio: 1
2023/07/27-14:50:09.505740 7fd738484700 Options.compaction_options_universal.min_merge_width: 2
2023/07/27-14:50:09.505740 7fd738484700 Options.compaction_options_universal.max_merge_width: 4294967295
2023/07/27-14:50:09.505741 7fd738484700 Options.compaction_options_universal.max_size_amplification_percent: 200
2023/07/27-14:50:09.505741 7fd738484700 Options.compaction_options_universal.compression_size_percent: -1
2023/07/27-14:50:09.505742 7fd738484700 Options.compaction_options_universal.stop_style: kCompactionStopStyleTotalSize
2023/07/27-14:50:09.505742 7fd738484700 Options.compaction_options_fifo.max_table_files_size: 1073741824
2023/07/27-14:50:09.505743 7fd738484700 Options.compaction_options_fifo.allow_compaction: 0
2023/07/27-14:50:09.505743 7fd738484700                   Options.table_properties_collectors: 
2023/07/27-14:50:09.505744 7fd738484700                   Options.inplace_update_support: 0
2023/07/27-14:50:09.505744 7fd738484700                 Options.inplace_update_num_locks: 10000
2023/07/27-14:50:09.505745 7fd738484700               Options.memtable_prefix_bloom_size_ratio: 0.000000
2023/07/27-14:50:09.505746 7fd738484700               Options.memtable_whole_key_filtering: 0
2023/07/27-14:50:09.505746 7fd738484700   Options.memtable_huge_page_size: 0
2023/07/27-14:50:09.505747 7fd738484700                           Options.bloom_locality: 0
2023/07/27-14:50:09.505747 7fd738484700                    Options.max_successive_merges: 0
2023/07/27-14:50:09.505748 7fd738484700                Options.optimize_filters_for_hits: 0
2023/07/27-14:50:09.505748 7fd738484700                Options.paranoid_file_checks: 0
2023/07/27-14:50:09.505749 7fd738484700                Options.force_consistency_checks: 0
2023/07/27-14:50:09.505762 7fd738484700                Options.report_bg_io_stats: 0
2023/07/27-14:50:09.505763 7fd738484700                               Options.ttl: 2592000
2023/07/27-14:50:09.505764 7fd738484700          Options.periodic_compaction_seconds: 0
2023/07/27-14:50:09.505923 7fd738484700 [lumn_family.cc:552] --------------- Options for column family []:
2023/07/27-14:50:09.505925 7fd738484700               Options.comparator: leveldb.BytewiseComparator
2023/07/27-14:50:09.505926 7fd738484700           Options.merge_operator: None
2023/07/27-14:50:09.505926 7fd738484700        Options.compaction_filter: None
2023/07/27-14:50:09.505927 7fd738484700        Options.compaction_filter_factory: None
2023/07/27-14:50:09.505927 7fd738484700         Options.memtable_factory: SkipListFactory
2023/07/27-14:50:09.505928 7fd738484700            Options.table_factory: BlockBasedTable
2023/07/27-14:50:09.505968 7fd738484700            table_factory options:   flush_block_policy_factory: FlushBlockBySizePolicyFactory (0x7fd7355d38a0)
  cache_index_and_filter_blocks: 0
  cache_index_and_filter_blocks_with_high_priority: 1
  pin_l0_filter_and_index_blocks_in_cache: 0
  pin_top_level_index_and_filter: 1
  index_type: 0
  data_block_index_type: 0
  index_shortening: 1
  data_block_hash_table_util_ratio: 0.750000
  hash_index_allow_collision: 1
  checksum: 1
  no_block_cache: 0
  block_cache: 0x7fd7355d38e0
  block_cache_name: LRUCache
  block_cache_options:
    capacity : 8388608
    num_shard_bits : 4
    strict_capacity_limit : 0
    memory_allocator : None
    high_pri_pool_ratio: 0.000
  block_cache_compressed: (nil)
  persistent_cache: (nil)
  block_size: 4096
  block_size_deviation: 10
  block_restart_interval: 16
  index_block_restart_interval: 1
  metadata_block_size: 4096
  partition_filters: 0
  use_delta_encoding: 1
  filter_policy: nullptr
  whole_key_filtering: 1
  verify_compression: 0
  read_amp_bytes_per_bit: 0
  format_version: 2
  enable_index_compression: 1
  block_align: 0
2023/07/27-14:50:09.505969 7fd738484700        Options.write_buffer_size: 67108864
2023/07/27-14:50:09.505970 7fd738484700  Options.max_write_buffer_number: 2
2023/07/27-14:50:09.505970 7fd738484700          Options.compression: Snappy
2023/07/27-14:50:09.505971 7fd738484700                  Options.bottommost_compression: Disabled
2023/07/27-14:50:09.505971 7fd738484700       Options.prefix_extractor: nullptr
2023/07/27-14:50:09.505972 7fd738484700   Options.memtable_insert_with_hint_prefix_extractor: nullptr
2023/07/27-14:50:09.505972 7fd738484700             Options.num_levels: 7
2023/07/27-14:50:09.505973 7fd738484700        Options.min_write_buffer_number_to_merge: 1
2023/07/27-14:50:09.505973 7fd738484700     Options.max_write_buffer_number_to_maintain: 0
2023/07/27-14:50:09.505974 7fd738484700     Options.max_write_buffer_size_to_maintain: 134217728
2023/07/27-14:50:09.505974 7fd738484700            Options.bottommost_compression_opts.window_bits: -14
2023/07/27-14:50:09.505975 7fd738484700                  Options.bottommost_compression_opts.level: 32767
2023/07/27-14:50:09.505976 7fd738484700               Options.bottommost_compression_opts.strategy: 0
2023/07/27-14:50:09.505976 7fd738484700         Options.bottommost_compression_opts.max_dict_bytes: 0
2023/07/27-14:50:09.505977 7fd738484700         Options.bottommost_compression_opts.zstd_max_train_bytes: 0
2023/07/27-14:50:09.505977 7fd738484700                  Options.bottommost_compression_opts.enabled: false
2023/07/27-14:50:09.505978 7fd738484700            Options.compression_opts.window_bits: -14
2023/07/27-14:50:09.505978 7fd738484700                  Options.compression_opts.level: 32767
2023/07/27-14:50:09.505979 7fd738484700               Options.compression_opts.strategy: 0
2023/07/27-14:50:09.505979 7fd738484700         Options.compression_opts.max_dict_bytes: 0
2023/07/27-14:50:09.505980 7fd738484700         Options.compression_opts.zstd_max_train_bytes: 0
2023/07/27-14:50:09.505980 7fd738484700                  Options.compression_opts.enabled: false
2023/07/27-14:50:09.505991 7fd738484700      Options.level0_file_num_compaction_trigger: 4
2023/07/27-14:50:09.505992 7fd738484700          Options.level0_slowdown_writes_trigger: 20
2023/07/27-14:50:09.505993 7fd738484700              Options.level0_stop_writes_trigger: 36
2023/07/27-14:50:09.505993 7fd738484700                   Options.target_file_size_base: 67108864
2023/07/27-14:50:09.505994 7fd738484700             Options.target_file_size_multiplier: 1
2023/07/27-14:50:09.505994 7fd738484700                Options.max_bytes_for_level_base: 268435456
2023/07/27-14:50:09.505995 7fd738484700 Options.level_compaction_dynamic_level_bytes: 0
2023/07/27-14:50:09.505996 7fd738484700          Options.max_bytes_for_level_multiplier: 10.000000
2023/07/27-14:50:09.505996 7fd738484700 Options.max_bytes_for_level_multiplier_addtl[0]: 1
2023/07/27-14:50:09.505997 7fd738484700 Options.max_bytes_for_level_multiplier_addtl[1]: 1
2023/07/27-14:50:09.505997 7fd738484700 Options.max_bytes_for_level_multiplier_addtl[2]: 1
2023/07/27-14:50:09.505998 7fd738484700 Options.max_bytes_for_level_multiplier_addtl[3]: 1
2023/07/27-14:50:09.505999 7fd738484700 Options.max_bytes_for_level_multiplier_addtl[4]: 1
2023/07/27-14:50:09.505999 7fd738484700 Options.max_bytes_for_level_multiplier_addtl[5]: 1
2023/07/27-14:50:09.506000 7fd738484700 Options.max_bytes_for_level_multiplier_addtl[6]: 1
2023/07/27-14:50:09.506000 7fd738484700       Options.max_sequential_skip_in_iterations: 8
2023/07/27-14:50:09.506001 7fd738484700                    Options.max_compaction_bytes: 1677721600
2023/07/27-14:50:09.506001 7fd738484700                        Options.arena_block_size: 8388608
2023/07/27-14:50:09.506002 7fd738484700   Options.soft_pending_compaction_bytes_limit: 68719476736
2023/07/27-14:50:09.506002 7fd738484700   Options.hard_pending_compaction_bytes_limit: 274877906944
2023/07/27-14:50:09.506003 7fd738484700       Options.rate_limit_delay_max_milliseconds: 100
2023/07/27-14:50:09.506003 7fd738484700                Options.disable_auto_compactions: 1
2023/07/27-14:50:09.506004 7fd738484700                        Options.compaction_style: kCompactionStyleLevel
2023/07/27-14:50:09.506004 7fd738484700                          Options.compaction_pri: kMinOverlappingRatio
2023/07/27-14:50:09.506005 7fd738484700 Options.compaction_options_universal.size_ratio: 1
2023/07/27-14:50:09.506005 7fd738484700 Options.compaction_options_universal.min_merge_width: 2
2023/07/27-14:50:09.506006 7fd738484700 Options.compaction_options_universal.max_merge_width: 4294967295
2023/07/27-14:50:09.506006 7fd738484700 Options.compaction_options_universal.max_size_amplification_percent: 200
2023/07/27-14:50:09.506007 7fd738484700 Options.compaction_options_universal.compression_size_percent: -1
2023/07/27-14:50:09.506007 7fd738484700 Options.compaction_options_universal.stop_style: kCompactionStopStyleTotalSize
2023/07/27-14:50:09.506008 7fd738484700 Options.compaction_options_fifo.max_table_files_size: 1073741824
2023/07/27-14:50:09.506008 7fd738484700 Options.compaction_options_fifo.allow_compaction: 0
2023/07/27-14:50:09.506009 7fd738484700                   Options.table_properties_collectors: 
2023/07/27-14:50:09.506009 7fd738484700                   Options.inplace_update_support: 0
2023/07/27-14:50:09.506010 7fd738484700                 Options.inplace_update_num_locks: 10000
2023/07/27-14:50:09.506010 7fd738484700               Options.memtable_prefix_bloom_size_ratio: 0.000000
2023/07/27-14:50:09.506011 7fd738484700               Options.memtable_whole_key_filtering: 0
2023/07/27-14:50:09.506012 7fd738484700   Options.memtable_huge_page_size: 0
2023/07/27-14:50:09.506012 7fd738484700                           Options.bloom_locality: 0
2023/07/27-14:50:09.506013 7fd738484700                    Options.max_successive_merges: 0
2023/07/27-14:50:09.506013 7fd738484700                Options.optimize_filters_for_hits: 0
2023/07/27-14:50:09.506014 7fd738484700                Options.paranoid_file_checks: 0
2023/07/27-14:50:09.506027 7fd738484700                Options.force_consistency_checks: 0
2023/07/27-14:50:09.506028 7fd738484700                Options.report_bg_io_stats: 0
2023/07/27-14:50:09.506029 7fd738484700                               Options.ttl: 2592000
2023/07/27-14:50:09.506029 7fd738484700          Options.periodic_compaction_seconds: 0
2023/07/27-14:50:09.506080 7fd738484700 [lumn_family.cc:552] --------------- Options for column family []:
2023/07/27-14:50:09.506081 7fd738484700               Options.comparator: leveldb.BytewiseComparator
2023/07/27-14:50:09.506082 7fd738484700           Options.merge_operator: None
2023/07/27-14:50:09.506082 7fd738484700        Options.compaction_filter: None
2023/07/27-14:50:09.506083 7fd738484700        Options.compaction_filter_factory: None
2023/07/27-14:50:09.506083 7fd738484700         Options.memtable_factory: SkipListFactory
2023/07/27-14:50:09.506084 7fd738484700            Options.table_factory: BlockBasedTable
2023/07/27-14:50:09.506121 7fd738484700            table_factory options:   flush_block_policy_factory: FlushBlockBySizePolicyFactory (0x7fd7355caaf0)
  cache_index_and_filter_blocks: 0
  cache_index_and_filter_blocks_with_high_priority: 1
  pin_l0_filter_and_index_blocks_in_cache: 0
  pin_top_level_index_and_filter: 1
  index_type: 0
  data_block_index_type: 0
  index_shortening: 1
  data_block_hash_table_util_ratio: 0.750000
  hash_index_allow_collision: 1
  checksum: 1
  no_block_cache: 0
  block_cache: 0x7fd7355cab30
  block_cache_name: LRUCache
  block_cache_options:
    capacity : 8388608
    num_shard_bits : 4
    strict_capacity_limit : 0
    memory_allocator : None
    high_pri_pool_ratio: 0.000
  block_cache_compressed: (nil)
  persistent_cache: (nil)
  block_size: 4096
  block_size_deviation: 10
  block_restart_interval: 16
  index_block_restart_interval: 1
  metadata_block_size: 4096
  partition_filters: 0
  use_delta_encoding: 1
  filter_policy: nullptr
  whole_key_filtering: 1
  verify_compression: 0
  read_amp_bytes_per_bit: 0
  format_version: 2
  enable_index_compression: 1
  block_align: 0
2023/07/27-14:50:09.506122 7fd738484700        Options.write_buffer_size: 67108864
2023/07/27-14:50:09.506123 7fd738484700  Options.max_write_buffer_number: 2
2023/07/27-14:50:09.506124 7fd738484700          Options.compression: Snappy
2023/07/27-14:50:09.506124 7fd738484700                  Options.bottommost_compression: Disabled
2023/07/27-14:50:09.506125 7fd738484700       Options.prefix_extractor: nullptr
2023/07/27-14:50:09.506125 7fd738484700   Options.memtable_insert_with_hint_prefix_extractor: nullptr
2023/07/27-14:50:09.506126 7fd738484700             Options.num_levels: 7
2023/07/27-14:50:09.506126 7fd738484700        Options.min_write_buffer_number_to_merge: 1
2023/07/27-14:50:09.506127 7fd738484700     Options.max_write_buffer_number_to_maintain: 0
2023/07/27-14:50:09.506127 7fd738484700     Options.max_write_buffer_size_to_maintain: 134217728
2023/07/27-14:50:09.506128 7fd738484700            Options.bottommost_compression_opts.window_bits: -14
2023/07/27-14:50:09.506128 7fd738484700                  Options.bottommost_compression_opts.level: 32767
2023/07/27-14:50:09.506129 7fd738484700               Options.bottommost_compression_opts.strategy: 0
2023/07/27-14:50:09.506129 7fd738484700         Options.bottommost_compression_opts.max_dict_bytes: 0
2023/07/27-14:50:09.506130 7fd738484700         Options.bottommost_compression_opts.zstd_max_train_bytes: 0
2023/07/27-14:50:09.506130 7fd738484700                  Options.bottommost_compression_opts.enabled: false
2023/07/27-14:50:09.506131 7fd738484700            Options.compression_opts.window_bits: -14
2023/07/27-14:50:09.506131 7fd738484700                  Options.compression_opts.level: 32767
2023/07/27-14:50:09.506132 7fd738484700               Options.compression_opts.strategy: 0
2023/07/27-14:50:09.506132 7fd738484700         Options.compression_opts.max_dict_bytes: 0
2023/07/27-14:50:09.506133 7fd738484700         Options.compression_opts.zstd_max_train_bytes: 0
2023/07/27-14:50:09.506133 7fd738484700                  Options.compression_opts.enabled: false
2023/07/27-14:50:09.506150 7fd738484700      Options.level0_file_num_compaction_trigger: 4
2023/07/27-14:50:09.506150 7fd738484700          Options.level0_slowdown_writes_trigger: 20
2023/07/27-14:50:09.506151 7fd738484700              Options.level0_stop_writes_trigger: 36
2023/07/27-14:50:09.506151 7fd738484700                   Options.target_file_size_base: 67108864
2023/07/27-14:50:09.506152 7fd738484700             Options.target_file_size_multiplier: 1
2023/07/27-14:50:09.506152 7fd738484700                Options.max_bytes_for_level_base: 268435456
2023/07/27-14:50:09.506153 7fd738484700 Options.level_compaction_dynamic_level_bytes: 0
2023/07/27-14:50:09.506154 7fd738484700          Options.max_bytes_for_level_multiplier: 10.000000
2023/07/27-14:50:09.506154 7fd738484700 Options.max_bytes_for_level_multiplier_addtl[0]: 1
2023/07/27-14:50:09.506155 7fd738484700 Options.max_bytes_for_level_multiplier_addtl[1]: 1
2023/07/27-14:50:09.506155 7fd738484700 Options.max_bytes_for_level_multiplier_addtl[2]: 1
2023/07/27-14:50:09.506156 7fd738484700 Options.max_bytes_for_level_multiplier_addtl[3]: 1
2023/07/27-14:50:09.506156 7fd738484700 Options.max_bytes_for_level_multiplier_addtl[4]: 1
2023/07/27-14:50:09.506157 7fd738484700 Options.max_bytes_for_level_multiplier_addtl[5]: 1
2023/07/27-14:50:09.506158 7fd738484700 Options.max_bytes_for_level_multiplier_addtl[6]: 1
2023/07/27-14:50:09.506158 7fd738484700       Options.max_sequential_skip_in_iterations: 8
2023/07/27-14:50:09.506159 7fd738484700                    Options.max_compaction_bytes: 1677721600
2023/07/27-14:50:09.506159 7fd738484700                        Options.arena_block_size: 8388608
2023/07/27-14:50:09.506160 7fd738484700   Options.soft_pending_compaction_bytes_limit: 68719476736
2023/07/27-14:50:09.506160 7fd738484700   Options.hard_pending_compaction_bytes_limit: 274877906944
2023/07/27-14:50:09.506161 7fd738484700       Options.rate_limit_delay_max_milliseconds: 100
2023/07/27-14:50:09.506161 7fd738484700                Options.disable_auto_compactions: 1
2023/07/27-14:50:09.506162 7fd738484700                        Options.compaction_style: kCompactionStyleLevel
2023/07/27-14:50:09.506162 7fd738484700                          Options.compaction_pri: kMinOverlappingRatio
2023/07/27-14:50:09.506163 7fd738484700 Options.compaction_options_universal.size_ratio: 1
2023/07/27-14:50:09.506163 7fd738484700 Options.compaction_options_universal.min_merge_width: 2
2023/07/27-14:50:09.506164 7fd738484700 Options.compaction_options_universal.max_merge_width: 4294967295
2023/07/27-14:50:09.506164 7fd738484700 Options.compaction_options_universal.max_size_amplification_percent: 200
2023/07/27-14:50:09.506165 7fd738484700 Options.compaction_options_universal.compression_size_percent: -1
2023/07/27-14:50:09.506165 7fd738484700 Options.compaction_options_universal.stop_style: kCompactionStopStyleTotalSize
